  1  1  1  8 
  1  1  1 11 
  1  1  1 12 
  1  1  1 13 
  1  1  2  6 
  1  1  2  7 
  1  1  2  8 
  1  1  2  9 
  1  1  2 10 
  1  1  2 11 
  1  1  2 12 
  1  1  2 13 
  1  1  3  4 
  1  1  3  5 
  1  1  3  6 
  1  1  3  7 
  1  1  3  8 
  1  1  3  9 
  1  1  3 10 
  1  1  3 11 
  1  1  3 12 
  1  1  3 13 
  1  1  4  4 
  1  1  4  5 
  1  1  4  6 
  1  1  4  7 
  1  1  4  8 
  1  1  4  9 
  1  1  4 10 
  1  1  4 12 
  1  1  5  5 
  1  1  5  6 
  1  1  5  7 
  1  1  5  8 
  1  1  6  6 
  1  1  6  8 
  1  1  6  9 
  1  1  6 12 
  1  1  7 10 
  1  1  8  8 
  1  1  9 13 
  1  1 10 12 
  1  1 10 13 
  1  1 11 11 
  1  1 11 12 
  1  1 11 13 
  1  1 12 12 
  1  1 12 13 
  1  1 13 13 
  1  2  2  4 
  1  2  2  5 
  1  2  2  6 
  1  2  2  7 
  1  2  2  8 
  1  2  2  9 
  1  2  2 10 
  1  2  2 11 
  1  2  2 12 
  1  2  2 13 
  1  2  3  3 
  1  2  3  4 
  1  2  3  5 
  1  2  3  6 
  1  2  3  7 
  1  2  3  8 
  1  2  3  9 
  1  2  3 10 
  1  2  3 11 
  1  2  3 12 
  1  2  3 13 
  1  2  4  4 
  1  2  4  5 
  1  2  4  6 
  1  2  4  7 
  1  2  4  8 
  1  2  4  9 
  1  2  4 10 
  1  2  4 11 
  1  2  4 12 
  1  2  4 13 
  1  2  5  5 
  1  2  5  6 
  1  2  5  7 
  1  2  5  8 
  1  2  5  9 
  1  2  5 10 
  1  2  5 12 
  1  2  5 13 
  1  2  6  6 
  1  2  6  7 
  1  2  6  8 
  1  2  6  9 
  1  2  6 10 
  1  2  6 11 
  1  2  6 12 
  1  2  6 13 
  1  2  7  7 
  1  2  7  8 
  1  2  7  9 
  1  2  7 10 
  1  2  7 11 
  1  2  7 12 
  1  2  8  8 
  1  2  8  9 
  1  2  8 10 
  1  2  8 13 
  1  2  9 11 
  1  2  9 12 
  1  2  9 13 
  1  2 10 11 
  1  2 10 12 
  1  2 10 13 
  1  2 11 11 
  1  2 11 12 
  1  2 11 13 
  1  2 12 12 
  1  2 12 13 
  1  2 13 13 
  1  3  3  3 
  1  3  3  4 
  1  3  3  5 
  1  3  3  6 
  1  3  3  7 
  1  3  3  8 
  1  3  3  9 
  1  3  3 10 
  1  3  3 11 
  1  3  3 12 
  1  3  4  4 
  1  3  4  5 
  1  3  4  6 
  1  3  4  7 
  1  3  4  8 
  1  3  4  9 
  1  3  4 10 
  1  3  4 11 
  1  3  4 12 
  1  3  4 13 
  1  3  5  6 
  1  3  5  7 
  1  3  5  8 
  1  3  5  9 
  1  3  5 10 
  1  3  5 11 
  1  3  5 12 
  1  3  5 13 
  1  3  6  6 
  1  3  6  7 
  1  3  6  8 
  1  3  6  9 
  1  3  6 10 
  1  3  6 11 
  1  3  6 12 
  1  3  6 13 
  1  3  7  7 
  1  3  7  8 
  1  3  7  9 
  1  3  7 10 
  1  3  7 12 
  1  3  7 13 
  1  3  8  8 
  1  3  8  9 
  1  3  8 10 
  1  3  8 11 
  1  3  8 12 
  1  3  8 13 
  1  3  9  9 
  1  3  9 10 
  1  3  9 11 
  1  3  9 12 
  1  3  9 13 
  1  3 10 10 
  1  3 10 11 
  1  3 10 12 
  1  3 11 11 
  1  3 11 12 
  1  3 12 12 
  1  3 12 13 
  1  3 13 13 
  1  4  4  4 
  1  4  4  5 
  1  4  4  6 
  1  4  4  7 
  1  4  4  8 
  1  4  4  9 
  1  4  4 10 
  1  4  4 11 
  1  4  4 12 
  1  4  5  5 
  1  4  5  6 
  1  4  5  7 
  1  4  5  8 
  1  4  5  9 
  1  4  5 10 
  1  4  5 11 
  1  4  5 12 
  1  4  5 13 
  1  4  6  6 
  1  4  6  7 
  1  4  6  8 
  1  4  6  9 
  1  4  6 10 
  1  4  6 11 
  1  4  6 12 
  1  4  6 13 
  1  4  7  7 
  1  4  7  8 
  1  4  7  9 
  1  4  7 11 
  1  4  7 12 
  1  4  7 13 
  1  4  8  8 
  1  4  8  9 
  1  4  8 11 
  1  4  8 12 
  1  4  8 13 
  1  4  9 10 
  1  4  9 11 
  1  4  9 12 
  1  4  9 13 
  1  4 10 10 
  1  4 10 11 
  1  4 10 12 
  1  4 12 12 
  1  5  5  5 
  1  5  5  6 
  1  5  5  9 
  1  5  5 10 
  1  5  5 11 
  1  5  5 12 
  1  5  5 13 
  1  5  6  6 
  1  5  6  7 
  1  5  6  8 
  1  5  6  9 
  1  5  6 10 
  1  5  6 11 
  1  5  6 12 
  1  5  6 13 
  1  5  7  8 
  1  5  7  9 
  1  5  7 10 
  1  5  7 11 
  1  5  7 12 
  1  5  7 13 
  1  5  8  8 
  1  5  8  9 
  1  5  8 10 
  1  5  8 11 
  1  5  8 12 
  1  5  8 13 
  1  5  9  9 
  1  5  9 10 
  1  5  9 11 
  1  5  9 12 
  1  5  9 13 
  1  5 10 10 
  1  5 10 11 
  1  5 10 12 
  1  5 10 13 
  1  5 11 11 
  1  5 11 12 
  1  5 12 12 
  1  6  6  6 
  1  6  6  8 
  1  6  6  9 
  1  6  6 10 
  1  6  6 11 
  1  6  6 12 
  1  6  6 13 
  1  6  7  9 
  1  6  7 10 
  1  6  7 11 
  1  6  7 12 
  1  6  8  8 
  1  6  8  9 
  1  6  8 10 
  1  6  8 11 
  1  6  8 12 
  1  6  8 13 
  1  6  9  9 
  1  6  9 10 
  1  6  9 12 
  1  6  9 13 
  1  6 10 12 
  1  6 10 13 
  1  6 11 12 
  1  6 11 13 
  1  6 12 12 
  1  6 12 13 
  1  7  7  9 
  1  7  7 10 
  1  7  7 11 
  1  7  7 12 
  1  7  8  8 
  1  7  8  9 
  1  7  8 10 
  1  7  8 11 
  1  7  8 12 
  1  7  9  9 
  1  7  9 10 
  1  7  9 11 
  1  7  9 12 
  1  7  9 13 
  1  7 10 12 
  1  7 10 13 
  1  7 12 12 
  1  7 12 13 
  1  7 13 13 
  1  8  8  8 
  1  8  8  9 
  1  8  8 10 
  1  8  8 11 
  1  8  8 12 
  1  8  9 11 
  1  8  9 12 
  1  8  9 13 
  1  8 10 11 
  1  8 10 12 
  1  8 10 13 
  1  8 11 12 
  1  8 11 13 
  1  8 12 12 

	

  1  9  9 12 
  1  9 10 12 
  1  9 10 13 
  1  9 11 11 
  1  9 11 12 
  1  9 11 13 
  1  9 12 12 
  1 10 10 12 
  1 10 11 12 
  1 10 12 12 
  1 10 12 13 
  1 11 11 12 
  1 11 11 13 
  1 11 12 12 
  1 11 12 13 
  1 11 13 13 
  1 12 12 12 
  1 12 12 13 
  1 12 13 13 


  2  2  2  3 
  2  2  2  4 
  2  2  2  5 
  2  2  2  7 
  2  2  2  8 
  2  2  2  9 
  2  2  2 10 
  2  2  2 11 
  2  2  2 12 
  2  2  2 13 
  2  2  3  3 
  2  2  3  4 
  2  2  3  5 
  2  2  3  6 
  2  2  3  7 
  2  2  3  8 
  2  2  3  9 
  2  2  3 10 
  2  2  3 11 
  2  2  3 12 
  2  2  3 13 
  2  2  4  4 
  2  2  4  5 
  2  2  4  6 
  2  2  4  7 
  2  2  4  8 
  2  2  4  9 
  2  2  4 10 
  2  2  4 11 
  2  2  4 12 
  2  2  4 13 
  2  2  5  5 
  2  2  5  6 
  2  2  5  7 
  2  2  5  8 
  2  2  5  9 
  2  2  5 10 
  2  2  5 11 
  2  2  5 12 
  2  2  6  6 
  2  2  6  7 
  2  2  6  8 
  2  2  6  9 
  2  2  6 10 
  2  2  6 11 
  2  2  6 12 
  2  2  6 13 
  2  2  7  7 
  2  2  7  8 
  2  2  7 10 
  2  2  7 12 
  2  2  7 13 
  2  2  8  8 
  2  2  8  9 
  2  2  8 10 
  2  2  8 12 
  2  2  9 10 
  2  2  9 11 
  2  2  9 12 
  2  2 10 10 
  2  2 10 11 
  2  2 10 13 
  2  2 11 11 
  2  2 11 12 
  2  2 11 13 
  2  2 12 12 
  2  2 12 13 
  2  2 13 13 
  2  3  3  3 
  2  3  3  5 
  2  3  3  6 
  2  3  3  7 
  2  3  3  8 
  2  3  3  9 
  2  3  3 10 
  2  3  3 11 
  2  3  3 12 
  2  3  3 13 
  2  3  4  4 
  2  3  4  5 
  2  3  4  6 
  2  3  4  7 
  2  3  4  8 
  2  3  4  9 
  2  3  4 10 
  2  3  4 11 
  2  3  4 12 
  2  3  4 13 
  2  3  5  5 
  2  3  5  6 
  2  3  5  7 
  2  3  5  8 
  2  3  5  9 
  2  3  5 10 
  2  3  5 11 
  2  3  5 12 
  2  3  5 13 
  2  3  6  6 
  2  3  6  7 
  2  3  6  8 
  2  3  6  9 
  2  3  6 10 
  2  3  6 11 
  2  3  6 12 
  2  3  6 13 
  2  3  7  7 
  2  3  7  8 
  2  3  7  9 
  2  3  7 10 
  2  3  7 11 
  2  3  7 12 
  2  3  7 13 
  2  3  8  8 
  2  3  8  9 
  2  3  8 10 
  2  3  8 11 
  2  3  8 12 
  2  3  8 13 
  2  3  9  9 
  2  3  9 10 
  2  3  9 12 
  2  3  9 13 
  2  3 10 10 
  2  3 10 12 
  2  3 10 13 
  2  3 11 11 
  2  3 11 12 
  2  3 11 13 
  2  3 12 12 
  2  3 12 13 
  2  3 13 13 
  2  4  4  4 
  2  4  4  5 
  2  4  4  6 
  2  4  4  7 
  2  4  4  8 
  2  4  4  9 
  2  4  4 10 
  2  4  4 11 
  2  4  4 12 
  2  4  4 13 
  2  4  5  5 
  2  4  5  6 
  2  4  5  7 
  2  4  5  8 
  2  4  5  9 
  2  4  5 10 
  2  4  5 11 
  2  4  5 12 
  2  4  5 13 
  2  4  6  6 
  2  4  6  7 
  2  4  6  8 
  2  4  6  9 
  2  4  6 10 
  2  4  6 11 
  2  4  6 12 
  2  4  6 13 
  2  4  7  7 
  2  4  7  8 
  2  4  7  9 
  2  4  7 10 
  2  4  7 11 
  2  4  7 12 
  2  4  8  8 
  2  4  8  9 
  2  4  8 10 
  2  4  8 11 
  2  4  8 12 
  2  4  8 13 
  2  4  9  9 
  2  4  9 10 
  2  4  9 12 
  2  4  9 13 
  2  4 10 10 
  2  4 10 11 
  2  4 10 12 
  2  4 10 13 
  2  4 11 11 
  2  4 11 12 
  2  4 12 12 
  2  4 13 13 
  2  5  5  7 
  2  5  5  8 
  2  5  5  9 
  2  5  5 10 
  2  5  5 11 
  2  5  5 12 
  2  5  5 13 
  2  5  6  6 
  2  5  6  7 
  2  5  6  8 
  2  5  6  9 
  2  5  6 10 
  2  5  6 11 
  2  5  6 12 
  2  5  6 13 
  2  5  7  7 
  2  5  7  8 
  2  5  7  9 
  2  5  7 10 
  2  5  7 11 
  2  5  7 13 
  2  5  8  8 
  2  5  8  9 
  2  5  8 10 
  2  5  8 11 
  2  5  8 12 
  2  5  8 13 
  2  5  9 10 
  2  5  9 11 
  2  5  9 12 
  2  5 10 10 
  2  5 10 11 
  2  5 10 12 
  2  5 10 13 
  2  5 11 12 
  2  5 12 12 
  2  5 12 13 
  2  6  6  6 
  2  6  6  7 
  2  6  6  8 
  2  6  6  9 
  2  6  6 10 
  2  6  6 11 
  2  6  6 12 
  2  6  6 13 
  2  6  7  8 
  2  6  7  9 
  2  6  7 10 
  2  6  7 11 
  2  6  7 12 
  2  6  7 13 
  2  6  8  8 
  2  6  8  9 
  2  6  8 10 
  2  6  8 11 
  2  6  8 12 
  2  6  8 13 
  2  6  9  9 
  2  6  9 10 
  2  6  9 11 
  2  6  9 12 
  2  6 10 10 
  2  6 10 11 
  2  6 10 12 
  2  6 10 13 
  2  6 11 12 
  2  6 11 13 
  2  6 12 12 
  2  6 12 13 
  2  7  7  8 
  2  7  7 10 
  2  7  7 11 
  2  7  7 12 
  2  7  7 13 
  2  7  8  8 
  2  7  8  9 
  2  7  8 11 
  2  7  8 12 
  2  7  8 13 
  2  7  9 10 
  2  7  9 11 
  2  7  9 13 
  2  7 10 10 
  2  7 10 11 
  2  7 10 12 
  2  7 11 12 
  2  7 12 12 
  2  7 12 13 
  2  8  8  8 
  2  8  8  9 
  2  8  8 10 
  2  8  8 11 
  2  8  8 12 
  2  8  8 13 
  2  8  9  9 
  2  8  9 10 
  2  8  9 11 
  2  8  9 12 
  2  8  9 13 
  2  8 10 10 
  2  8 10 11 
  2  8 10 12 
  2  8 10 13 
  2  8 11 11 
  2  8 11 12 
  2  8 12 12 
  2  8 12 13 
  2  8 13 13 
  2  9  9 11 
  2  9  9 12 
  2  9  9 13 
  2  9 10 10 
  2  9 10 11 
  2  9 10 12 
  2  9 10 13 
  2  9 11 11 
  2  9 11 13 
  2  9 12 13 
  2  9 13 13 
  2 10 10 11 
  2 10 10 12 
  2 10 10 13 
  2 10 11 11 
  2 10 11 12 
  2 10 11 13 
  2 10 12 13 
  2 11 11 11 
  2 11 11 12 
  2 11 11 13 
  2 11 12 12 
  2 11 12 13 
  2 11 13 13 
  2 12 12 12 
  2 12 12 13 
  2 12 13 13 
  2 13 13 13